0,0.25,4,1,0,0,0
0,0,0,1,0,0,0
-3.4162,1.26212,0,0.401218,0.573441,0.704427,0.118202
0,0.3,0,1,0,0,0
0,-0.75,0,1,0,0,0
---
2.17064e-16,0.25,4,0.991372,0.127678,-0.0265135,0.0132791
0,0,0,1,0,0,0
-0.660265,1.72721,0.262528,-0.137655,0.618611,0.733984,-0.244213
0,0.3,0,1,0,0,0
0,-0.75,0,1,0,0,0
---
2.17064e-16,0.25,4,0.991372,0.127678,-0.0265135,0.0132791
0,0,0,1,0,0,0
0.658346,1.64301,0.307531,-0.501816,0.428346,0.680477,-0.318829
0,0.3,0,1,0,0,0
0,-0.75,0,1,0,0,0
---
-2.85099e-15,0.25,4,0.978987,0.136629,-0.149192,0.0256774
0,0,0,1,0,0,0
1.20476,1.84248,0.387767,-0.57361,-0.393501,0.188148,-0.693346
0,0.3,0,1,0,0,0
0,-0.75,0,1,0,0,0
---
-2.76672e-15,0.25,4,0.988639,-0.0194978,-0.130628,-0.0717563
0,0,0,1,0,0,0
0.933914,0.691704,-0.0412327,-0.315213,0.286487,0.31237,-0.849112
0,0.3,0,1,0,0,0
0.0503394,-0.720831,-0.0623397,1,-7.30399e-19,2.2672e-16,7.26907e-19
---
1.33412,1.26578,4.29287,0.988894,-0.0193321,-0.12861,-0.0719396
0,0,0,1,0,0,0
1.90574,0.169225,0.242505,0.030639,0.658671,0.480856,-0.57792
0,0.3,0,1,0,0,0
0.0503394,-0.720831,-0.0623397,1,-7.30399e-19,2.2672e-16,7.26907e-19
---
1.33412,1.26578,4.29287,0.943877,0.000119185,-0.329697,0.0198858
0,0,0,1,0,0,0
4.39982,0.885689,0.849865,0.596415,0.583175,0.504069,-0.223855
0,0.3,0,1,0,0,0
0.0503394,-0.720831,-0.0623397,1,-7.30399e-19,2.2672e-16,7.26907e-19
---
1.33412,1.26578,4.29287,0.833203,0.0691489,-0.523479,0.164197
0,0,0,1,0,0,0
5.93202,2.47733,2.09551,-0.0750512,0.281388,0.922477,-0.253425
4.40479e-16,0.3,4.85841e-17,0.970013,0.118112,0.00253656,-0.212408
0.0503394,-0.720831,-0.0623397,0.987694,-0.0757754,0.0353653,0.132165
---
3.52487,0.658572,2.94344,0.869019,-0.129496,-0.477507,-0.00483068
0,0,0,1,0,0,0
5.54072,-0.637742,1.10478,0.0145166,0.530919,0.477288,-0.700079
-5.79526e-16,0.3,-4.29124e-16,0.94079,-0.0211635,-0.0496203,0.334671
0.0503394,-0.720831,-0.0623397,0.918142,0.22181,0.259311,0.201427
---
3.06121,-0.685142,2.79533,0.869019,-0.129496,-0.477507,-0.00483068
0,0,0,1,0,0,0
5.27267,-2.23295,1.38742,0.0698822,0.686873,0.271846,-0.670389
-5.79526e-16,0.3,-4.29124e-16,0.94079,-0.0211635,-0.0496203,0.334671
0.0503394,-0.720831,-0.0623397,0.918142,0.22181,0.259311,0.201427
---
3.06121,-0.685142,2.79533,0.869019,-0.129496,-0.477507,-0.00483068
0,0,0,1,0,0,0
5.06697,-3.00574,1.4012,0.0698822,0.686873,0.271846,-0.670389
-5.79526e-16,0.3,-4.29124e-16,0.94079,-0.0211635,-0.0496203,0.334671
0.0503394,-0.720831,-0.0623397,0.918142,0.22181,0.259311,0.201427
---
