0 0.25 4 1 0 0 0
0 0 0 1 0 0 0
-2 1 0 1 0 0 0
0 0.75 0 1 0 0 0
0.5 0.75 0 1 0 0 0
0.7 0 0 1 0 0 0
-0.5 0.75 0 1 0 0 0
-0.7 0 0 1 0 0 0
0.3 -0.75 0 1 0 0 0
0 -0.7 0 1 0 0 0
-0.3 -0.75 0 1 0 0 0
0 -0.7 0 1 0 0 0
2 1 0 1 0 0 0
0 0.75 0 1 0 0 0
0.5 0.75 0 1 0 0 0
0.7 0 0 1 0 0 0
-0.5 0.75 0 1 0 0 0
-0.7 0 0 1 0 0 0
0.3 -0.75 0 1 0 0 0
0 -0.7 0 1 0 0 0
-0.3 -0.75 0 1 0 0 0
0 -0.7 0 1 0 0 0
****
8.30933e-16 0.25 4 0.990724 0.086702 -0.10433 0.00803413
0 0 0 1 0 0 0
-2 1 0 1 0 0 0
0 0.75 0 1 0 0 0
0.5 0.75 0 1 0 0 0
0.7 0 0 1 0 0 0
-0.5 0.75 0 1 0 0 0
-0.7 0 0 1 0 0 0
0.3 -0.75 0 1 0 0 0
0 -0.7 0 1 0 0 0
-0.3 -0.75 0 1 0 0 0
0 -0.7 0 1 0 0 0
2 1 0 1 0 0 0
0 0.75 0 1 0 0 0
0.5 0.75 0 1 0 0 0
0.7 0 0 1 0 0 0
-0.5 0.75 0 1 0 0 0
-0.7 0 0 1 0 0 0
0.3 -0.75 0 1 0 0 0
0 -0.7 0 1 0 0 0
-0.3 -0.75 0 1 0 0 0
0 -0.7 0 1 0 0 0
****
7.97105e-16 0.25 4 0.957789 0.181075 -0.223048 0.0100749
0 0 0 1 0 0 0
-2 1 0 1 0 0 0
0 0.75 0 1 0 0 0
0.5 0.75 0 1 0 0 0
0.7 0 0 1 0 0 0
-0.5 0.75 0 1 0 0 0
-0.7 0 0 1 0 0 0
0.3 -0.75 0 1 0 0 0
0 -0.7 0 1 0 0 0
-0.3 -0.75 0 1 0 0 0
0 -0.7 0 1 0 0 0
2 1 0 1 0 0 0
0 0.75 0 1 0 0 0
0.5 0.75 0 1 0 0 0
0.7 0 0 1 0 0 0
-0.5 0.75 0 1 0 0 0
-0.7 0 0 1 0 0 0
0.3 -0.75 0 1 0 0 0
0 -0.7 0 1 0 0 0
-0.3 -0.75 0 1 0 0 0
0 -0.7 0 1 0 0 0
****
1.09635e-15 0.25 4 0.908645 0.336938 -0.243106 0.0416715
0 0 0 1 0 0 0
-2 1 0 1 0 0 0
0 0.75 0 1 0 0 0
0.5 0.75 0 1 0 0 0
0.7 0 0 1 0 0 0
-0.5 0.75 0 1 0 0 0
-0.7 0 0 1 0 0 0
0.3 -0.75 0 1 0 0 0
0 -0.7 0 1 0 0 0
-0.3 -0.75 0 1 0 0 0
0 -0.7 0 1 0 0 0
2 1 0 1 0 0 0
0 0.75 0 1 0 0 0
0.5 0.75 0 1 0 0 0
0.7 0 0 1 0 0 0
-0.5 0.75 0 1 0 0 0
-0.7 0 0 1 0 0 0
0.3 -0.75 0 1 0 0 0
0 -0.7 0 1 0 0 0
-0.3 -0.75 0 1 0 0 0
0 -0.7 0 1 0 0 0
****
2.18575e-16 0.25 4 0.850815 0.46072 -0.242444 0.0712122
0 0 0 1 0 0 0
-2 1 0 1 0 0 0
0 0.75 0 1 0 0 0
0.5 0.75 0 1 0 0 0
0.7 0 0 1 0 0 0
-0.5 0.75 0 1 0 0 0
-0.7 0 0 1 0 0 0
0.3 -0.75 0 1 0 0 0
0 -0.7 0 1 0 0 0
-0.3 -0.75 0 1 0 0 0
0 -0.7 0 1 0 0 0
2 1 0 1 0 0 0
0 0.75 0 1 0 0 0
0.5 0.75 0 1 0 0 0
0.7 0 0 1 0 0 0
-0.5 0.75 0 1 0 0 0
-0.7 0 0 1 0 0 0
0.3 -0.75 0 1 0 0 0
0 -0.7 0 1 0 0 0
-0.3 -0.75 0 1 0 0 0
0 -0.7 0 1 0 0 0
****
